000000000001 0000000000000000000000000000000001000101
000000000010 0000000000000000000000000000000000011000
000000000011 0000000000000000000000000000000001001011
000000000100 0000000000000000000000000000000000110001
000000000101 0000000000000000000000000000000001100101
000000000110 0000000000000000000000000000000001010001
000000000111 0000000000000000000000000000000000101011
000000001000 0000000000000000000000000000000000111001
000000001001 0000000000000000000000000000000000000010
000000001010 0000000000000000000000000000000001100001
000000110010 0000000000000000000000000000000000000010
000000110011 0000000000000000000000000000000000000000
000000110100 0000000000000000000000000000000000000001
000000110101 0000000000000000000000000000000000001000
000000110110 0000000000000000000000000000000000000000
000001001010 0000010100000011010000000000000000000000
000001001011 0001001000000100110000000000000000000000
000001001100 0000000100000000000000000000000000000000
000001001101 0000011000000011011000001111000001010101
000001001110 0000110100000110100000000000000000000000
000001010101 0000000100000011001100010010000001010111
000001010110 0000010100000011010000010011000001010111
000001010111 0000000100000000000000100001000000000000
000001011000 0000000100000011001100000110000000110100
000001011001 0010000100000011001100001101000001011100
000001011100 0000000100000011001100000110000000110100
000001011101 0000111100000100101000001101000001101000
000001100100 0000000100000011001000010010000001100101
000001100101 0000000100000000000000100001000000110110
000001100110 0000000100000011001000000110000000110100
000001100111 0010000100000011001100001111000001001011
000001101000 0000000100000011001100000101000000110100
000001101001 0001001000000110101000000001000000110110
000001101010 0010000100000000000000000000000000000000
000001101011 0000000100000011001000000101000000110100
000001101100 0010000100000011001000000001000000110101
000001101101 0000011000000011001000001111000001100100
000001101110 0001110000000000000000000000000000000000
